{
  "labels": [
    "embed",
    "L0",
    "L1",
    "L2",
    "L3",
    "L4",
    "L5",
    "L6",
    "L7",
    "L8",
    "L9",
    "L10",
    "L11",
    "L12",
    "L13"
  ],
  "matrix": [
    [
      1.0,
      0.8443,
      0.4814,
      0.5481,
      0.3034,
      0.6692,
      0.1794,
      0.1795,
      0.1798,
      0.1805,
      0.1806,
      0.1819,
      0.1849,
      0.1893,
      0.5479
    ],
    [
      0.8443,
      1.0,
      0.7158,
      0.7741,
      0.5618,
      0.8608,
      0.4401,
      0.44,
      0.4404,
      0.441,
      0.4428,
      0.4443,
      0.4471,
      0.4518,
      0.7546
    ],
    [
      0.4814,
      0.7158,
      1.0,
      0.8715,
      0.8271,
      0.868,
      0.7395,
      0.7384,
      0.7387,
      0.7393,
      0.7469,
      0.7471,
      0.7483,
      0.75,
      0.8372
    ],
    [
      0.5481,
      0.7741,
      0.8715,
      1.0,
      0.9272,
      0.9387,
      0.8583,
      0.8586,
      0.8587,
      0.8589,
      0.8603,
      0.8613,
      0.8628,
      0.8648,
      0.9125
    ],
    [
      0.3034,
      0.5618,
      0.8271,
      0.9272,
      1.0,
      0.8182,
      0.9767,
      0.9766,
      0.9767,
      0.9767,
      0.9785,
      0.9788,
      0.9793,
      0.9797,
      0.8579
    ],
    [
      0.6692,
      0.8608,
      0.868,
      0.9387,
      0.8182,
      1.0,
      0.7208,
      0.7206,
      0.721,
      0.7215,
      0.7242,
      0.7256,
      0.7277,
      0.7321,
      0.9361
    ],
    [
      0.1794,
      0.4401,
      0.7395,
      0.8583,
      0.9767,
      0.7208,
      1.0,
      1.0,
      1.0,
      1.0,
      0.9998,
      0.9998,
      0.9998,
      0.9997,
      0.789
    ],
    [
      0.1795,
      0.44,
      0.7384,
      0.8586,
      0.9766,
      0.7206,
      1.0,
      1.0,
      1.0,
      1.0,
      0.9998,
      0.9998,
      0.9998,
      0.9996,
      0.7888
    ],
    [
      0.1798,
      0.4404,
      0.7387,
      0.8587,
      0.9767,
      0.721,
      1.0,
      1.0,
      1.0,
      1.0,
      0.9998,
      0.9998,
      0.9997,
      0.9996,
      0.789
    ],
    [
      0.1805,
      0.441,
      0.7393,
      0.8589,
      0.9767,
      0.7215,
      1.0,
      1.0,
      1.0,
      1.0,
      0.9998,
      0.9998,
      0.9998,
      0.9996,
      0.7897
    ],
    [
      0.1806,
      0.4428,
      0.7469,
      0.8603,
      0.9785,
      0.7242,
      0.9998,
      0.9998,
      0.9998,
      0.9998,
      1.0,
      1.0,
      0.9999,
      0.9998,
      0.7928
    ],
    [
      0.1819,
      0.4443,
      0.7471,
      0.8613,
      0.9788,
      0.7256,
      0.9998,
      0.9998,
      0.9998,
      0.9998,
      1.0,
      1.0,
      1.0,
      0.9998,
      0.7943
    ],
    [
      0.1849,
      0.4471,
      0.7483,
      0.8628,
      0.9793,
      0.7277,
      0.9998,
      0.9998,
      0.9997,
      0.9998,
      0.9999,
      1.0,
      1.0,
      0.9999,
      0.7963
    ],
    [
      0.1893,
      0.4518,
      0.75,
      0.8648,
      0.9797,
      0.7321,
      0.9997,
      0.9996,
      0.9996,
      0.9996,
      0.9998,
      0.9998,
      0.9999,
      1.0,
      0.801
    ],
    [
      0.5479,
      0.7546,
      0.8372,
      0.9125,
      0.8579,
      0.9361,
      0.789,
      0.7888,
      0.789,
      0.7897,
      0.7928,
      0.7943,
      0.7963,
      0.801,
      1.0
    ]
  ],
  "most_similar": [
    [
      "L6",
      "L7",
      1.0
    ],
    [
      "L5",
      "L6",
      1.0
    ],
    [
      "L6",
      "L8",
      1.0
    ],
    [
      "L5",
      "L8",
      1.0
    ],
    [
      "L5",
      "L7",
      1.0
    ],
    [
      "L7",
      "L8",
      1.0
    ],
    [
      "L9",
      "L10",
      1.0
    ],
    [
      "L10",
      "L11",
      1.0
    ],
    [
      "L9",
      "L11",
      0.9999
    ],
    [
      "L11",
      "L12",
      0.9999
    ]
  ],
  "least_similar": [
    [
      "L0",
      "L6",
      0.44
    ],
    [
      "embed",
      "L3",
      0.3034
    ],
    [
      "embed",
      "L12",
      0.1893
    ],
    [
      "embed",
      "L11",
      0.1849
    ],
    [
      "embed",
      "L10",
      0.1819
    ],
    [
      "embed",
      "L9",
      0.1806
    ],
    [
      "embed",
      "L8",
      0.1805
    ],
    [
      "embed",
      "L7",
      0.1798
    ],
    [
      "embed",
      "L6",
      0.1795
    ],
    [
      "embed",
      "L5",
      0.1794
    ]
  ]
}